{
 "cells": [
  {
   "cell_type": "markdown",
   "metadata": {},
   "source": [
    "# Customer Churn Prediction Analysis"
   ]
  },
  {
   "cell_type": "markdown",
   "metadata": {},
   "source": [
    "### Description\n",
    "\n",
    "Name : K.S, SUH \n",
    "Date : 2017.08.05 KST(seoul) 08:32 AM\n",
    "\n",
    
    "    \n",
    "Customer churn also known as Customer turnover occurs when customers are stop doing business with a company or service from bank. Therefore, Understanding what keeps customer engageing is incredibly valuable for Banks at the moment. In the meantime,I have tried to find relevant data set about Customer churn in Banking but I could not find any publicly opened data set in banking. so, I choose a similar dataset(a longstanding telecom data )\n",
    "\n",
    "In this notebook, you will explore a simple case study to show how Python and its scientific libraries can be used to predict churn"
   ]
  },
  {
   "cell_type": "markdown",
   "metadata": {},
   "source": [
    "## PART 1. "
   ]
  },
  {
   "cell_type": "markdown",
   "metadata": {},
   "source": [
    "### Load data"
   ]
  },
  {
   "cell_type": "code",
   "execution_count": 217,
   "metadata": {
    "collapsed": true
   },
   "outputs": [],
   "source": [
    "import numpy as np\n",
    "import pandas as pd\n",
    "import matplotlib.pyplot as plt\n",
    "%matplotlib inline"
   ]
  },
  {
   "cell_type": "code",
   "execution_count": 218,
   "metadata": {
    "collapsed": true
   },
   "outputs": [],
   "source": [
    "df = pd.read_csv('churn.csv')"
   ]
  },
  {
   "cell_type": "code",
   "execution_count": 219,
   "metadata": {},
   "outputs": [
    {
     "data": {
      "text/html": [
       "<div>\n",
       "<style>\n",
       "    .dataframe thead tr:only-child th {\n",
       "        text-align: right;\n",
       "    }\n",
       "\n",
       "    .dataframe thead th {\n",
       "        text-align: left;\n",
       "    }\n",
       "\n",
       "    .dataframe tbody tr th {\n",
       "        vertical-align: top;\n",
       "    }\n",
       "</style>\n",
       "<table border=\"1\" class=\"dataframe\">\n",
       "  <thead>\n",
       "    <tr style=\"text-align: right;\">\n",
       "      <th></th>\n",
       "      <th>State</th>\n",
       "      <th>Account Length</th>\n",
       "      <th>Area Code</th>\n",
       "      <th>Phone</th>\n",
       "      <th>Int'l Plan</th>\n",
       "      <th>VMail Plan</th>\n",
       "      <th>VMail Message</th>\n",
       "      <th>Day Mins</th>\n",
       "      <th>Day Calls</th>\n",
       "      <th>Day Charge</th>\n",
       "      <th>...</th>\n",
       "      <th>Eve Calls</th>\n",
       "      <th>Eve Charge</th>\n",
       "      <th>Night Mins</th>\n",
       "      <th>Night Calls</th>\n",
       "      <th>Night Charge</th>\n",
       "      <th>Intl Mins</th>\n",
       "      <th>Intl Calls</th>\n",
       "      <th>Intl Charge</th>\n",
       "      <th>CustServ Calls</th>\n",
       "      <th>Churn?</th>\n",
       "    </tr>\n",
       "  </thead>\n",
       "  <tbody>\n",
       "    <tr>\n",
       "      <th>0</th>\n",
       "      <td>KS</td>\n",
       "      <td>128</td>\n",
       "      <td>415</td>\n",
       "      <td>382-4657</td>\n",
       "      <td>no</td>\n",
       "      <td>yes</td>\n",
       "      <td>25</td>\n",
       "      <td>265.1</td>\n",
       "      <td>110</td>\n",
       "      <td>45.07</td>\n",
       "      <td>...</td>\n",
       "      <td>99</td>\n",
       "      <td>16.78</td>\n",
       "      <td>244.7</td>\n",
       "      <td>91</td>\n",
       "      <td>11.01</td>\n",
       "      <td>10.0</td>\n",
       "      <td>3</td>\n",
       "      <td>2.70</td>\n",
       "      <td>1</td>\n",
       "      <td>False.</td>\n",
       "    </tr>\n",
       "    <tr>\n",
       "      <th>1</th>\n",
       "      <td>OH</td>\n",
       "      <td>107</td>\n",
       "      <td>415</td>\n",
       "      <td>371-7191</td>\n",
       "      <td>no</td>\n",
       "      <td>yes</td>\n",
       "      <td>26</td>\n",
       "      <td>161.6</td>\n",
       "      <td>123</td>\n",
       "      <td>27.47</td>\n",
       "      <td>...</td>\n",
       "      <td>103</td>\n",
       "      <td>16.62</td>\n",
       "      <td>254.4</td>\n",
       "      <td>103</td>\n",
       "      <td>11.45</td>\n",
       "      <td>13.7</td>\n",
       "      <td>3</td>\n",
       "      <td>3.70</td>\n",
       "      <td>1</td>\n",
       "      <td>False.</td>\n",
       "    </tr>\n",
       "    <tr>\n",
       "      <th>2</th>\n",
       "      <td>NJ</td>\n",
       "      <td>137</td>\n",
       "      <td>415</td>\n",
       "      <td>358-1921</td>\n",
       "      <td>no</td>\n",
       "      <td>no</td>\n",
       "      <td>0</td>\n",
       "      <td>243.4</td>\n",
       "      <td>114</td>\n",
       "      <td>41.38</td>\n",
       "      <td>...</td>\n",
       "      <td>110</td>\n",
       "      <td>10.30</td>\n",
       "      <td>162.6</td>\n",
       "      <td>104</td>\n",
       "      <td>7.32</td>\n",
       "      <td>12.2</td>\n",
       "      <td>5</td>\n",
       "      <td>3.29</td>\n",
       "      <td>0</td>\n",
       "      <td>False.</td>\n",
       "    </tr>\n",
       "    <tr>\n",
       "      <th>3</th>\n",
       "      <td>OH</td>\n",
       "      <td>84</td>\n",
       "      <td>408</td>\n",
       "      <td>375-9999</td>\n",
       "      <td>yes</td>\n",
       "      <td>no</td>\n",
       "      <td>0</td>\n",
       "      <td>299.4</td>\n",
       "      <td>71</td>\n",
       "      <td>50.90</td>\n",
       "      <td>...</td>\n",
       "      <td>88</td>\n",
       "      <td>5.26</td>\n",
       "      <td>196.9</td>\n",
       "      <td>89</td>\n",
       "      <td>8.86</td>\n",
       "      <td>6.6</td>\n",
       "      <td>7</td>\n",
       "      <td>1.78</td>\n",
       "      <td>2</td>\n",
       "      <td>False.</td>\n",
       "    </tr>\n",
       "    <tr>\n",
       "      <th>4</th>\n",
       "      <td>OK</td>\n",
       "      <td>75</td>\n",
       "      <td>415</td>\n",
       "      <td>330-6626</td>\n",
       "      <td>yes</td>\n",
       "      <td>no</td>\n",
       "      <td>0</td>\n",
       "      <td>166.7</td>\n",
       "      <td>113</td>\n",
       "      <td>28.34</td>\n",
       "      <td>...</td>\n",
       "      <td>122</td>\n",
       "      <td>12.61</td>\n",
       "      <td>186.9</td>\n",
       "      <td>121</td>\n",
       "      <td>8.41</td>\n",
       "      <td>10.1</td>\n",
       "      <td>3</td>\n",
       "      <td>2.73</td>\n",
       "      <td>3</td>\n",
       "      <td>False.</td>\n",
       "    </tr>\n",
       "  </tbody>\n",
       "</table>\n",
       "<p>5 rows × 21 columns</p>\n",
       "</div>"
      ],
      "text/plain": [
       "  State  Account Length  Area Code     Phone Int'l Plan VMail Plan  \\\n",
       "0    KS             128        415  382-4657         no        yes   \n",
       "1    OH             107        415  371-7191         no        yes   \n",
       "2    NJ             137        415  358-1921         no         no   \n",
       "3    OH              84        408  375-9999        yes         no   \n",
       "4    OK              75        415  330-6626        yes         no   \n",
       "\n",
       "   VMail Message  Day Mins  Day Calls  Day Charge   ...    Eve Calls  \\\n",
       "0             25     265.1        110       45.07   ...           99   \n",
       "1             26     161.6        123       27.47   ...          103   \n",
       "2              0     243.4        114       41.38   ...          110   \n",
       "3              0     299.4         71       50.90   ...           88   \n",
       "4              0     166.7        113       28.34   ...          122   \n",
       "\n",
       "   Eve Charge  Night Mins  Night Calls  Night Charge  Intl Mins  Intl Calls  \\\n",
       "0       16.78       244.7           91         11.01       10.0           3   \n",
       "1       16.62       254.4          103         11.45       13.7           3   \n",
       "2       10.30       162.6          104          7.32       12.2           5   \n",
       "3        5.26       196.9           89          8.86        6.6           7   \n",
       "4       12.61       186.9          121          8.41       10.1           3   \n",
       "\n",
       "   Intl Charge  CustServ Calls  Churn?  \n",
       "0         2.70               1  False.  \n",
       "1         3.70               1  False.  \n",
       "2         3.29               0  False.  \n",
       "3         1.78               2  False.  \n",
       "4         2.73               3  False.  \n",
       "\n",
       "[5 rows x 21 columns]"
      ]
     },
     "execution_count": 219,
     "metadata": {},
     "output_type": "execute_result"
    }
   ],
   "source": [
    "df.head()"
   ]
  },
  {
   "cell_type": "code",
   "execution_count": 220,
   "metadata": {},
   "outputs": [
    {
     "data": {
      "text/plain": [
       "0    False.\n",
       "1    False.\n",
       "2    False.\n",
       "3    False.\n",
       "4    False.\n",
       "Name: Churn?, dtype: object"
      ]
     },
     "execution_count": 220,
     "metadata": {},
     "output_type": "execute_result"
    }
   ],
   "source": [
    "df['Churn?'].head()"
   ]
  },
  {
   "cell_type": "code",
   "execution_count": 221,
   "metadata": {},
   "outputs": [
    {
     "data": {
      "text/plain": [
       "(3333, 21)"
      ]
     },
     "execution_count": 221,
     "metadata": {},
     "output_type": "execute_result"
    }
   ],
   "source": [
    "df.shape"
   ]
  },
  {
   "cell_type": "code",
   "execution_count": 222,
   "metadata": {},
   "outputs": [
    {
     "name": "stdout",
     "output_type": "stream",
     "text": [
      "<class 'pandas.core.frame.DataFrame'>\n",
      "RangeIndex: 3333 entries, 0 to 3332\n",
      "Data columns (total 21 columns):\n",
      "State             3333 non-null object\n",
      "Account Length    3333 non-null int64\n",
      "Area Code         3333 non-null int64\n",
      "Phone             3333 non-null object\n",
      "Int'l Plan        3333 non-null object\n",
      "VMail Plan        3333 non-null object\n",
      "VMail Message     3333 non-null int64\n",
      "Day Mins          3333 non-null float64\n",
      "Day Calls         3333 non-null int64\n",
      "Day Charge        3333 non-null float64\n",
      "Eve Mins          3333 non-null float64\n",
      "Eve Calls         3333 non-null int64\n",
      "Eve Charge        3333 non-null float64\n",
      "Night Mins        3333 non-null float64\n",
      "Night Calls       3333 non-null int64\n",
      "Night Charge      3333 non-null float64\n",
      "Intl Mins         3333 non-null float64\n",
      "Intl Calls        3333 non-null int64\n",
      "Intl Charge       3333 non-null float64\n",
      "CustServ Calls    3333 non-null int64\n",
      "Churn?            3333 non-null object\n",
      "dtypes: float64(8), int64(8), object(5)\n",
      "memory usage: 546.9+ KB\n"
     ]
    }
   ],
   "source": [
    "df.info()"
   ]
  },
  {
   "cell_type": "code",
   "execution_count": 223,
   "metadata": {},
   "outputs": [
    {
     "data": {
      "text/plain": [
       "False"
      ]
     },
     "execution_count": 223,
     "metadata": {},
     "output_type": "execute_result"
    }
   ],
   "source": [
    "df.isnull().values.any()"
   ]
  },
  {
   "cell_type": "markdown",
   "metadata": {},
   "source": [
    "#  Preprocessing Data\n",
    "\n",
    "-  Munging\n",
    "\n",
    "-  Transformation\n",
    "\n",
    "-  Reduction by PCA"
   ]
  },
  {
   "cell_type": "markdown",
   "metadata": {},
   "source": [
    "### Munging"
   ]
  },
  {
   "cell_type": "code",
   "execution_count": 224,
   "metadata": {
    "collapsed": true
   },
   "outputs": [],
   "source": [
    "df_features, df_labels = df.drop(['Churn?'], axis=1), df['Churn?']"
   ]
  },
  {
   "cell_type": "code",
   "execution_count": 225,
   "metadata": {
    "collapsed": true
   },
   "outputs": [],
   "source": [
    "y = np.where(df_labels == 'True.',1,0)"
   ]
  },
  {
   "cell_type": "code",
   "execution_count": 226,
   "metadata": {},
   "outputs": [
    {
     "data": {
      "text/plain": [
       "array([0, 0, 0, ..., 0, 0, 0])"
      ]
     },
     "execution_count": 226,
     "metadata": {},
     "output_type": "execute_result"
    }
   ],
   "source": [
    "y"
   ]
  },
  {
   "cell_type": "code",
   "execution_count": 227,
   "metadata": {
    "collapsed": true
   },
   "outputs": [],
   "source": [
    "df_features = df_features.drop(['State','Area Code','Phone'],axis=1)"
   ]
  },
  {
   "cell_type": "code",
   "execution_count": 228,
   "metadata": {
    "collapsed": true
   },
   "outputs": [],
   "source": [
    "boolean_cols = [\"Int'l Plan\",\"VMail Plan\"]\n",
    "df_features[boolean_cols] = df_features[boolean_cols] == 'yes'"
   ]
  },
  {
   "cell_type": "code",
   "execution_count": 229,
   "metadata": {},
   "outputs": [
    {
     "data": {
      "text/html": [
       "<div>\n",
       "<style>\n",
       "    .dataframe thead tr:only-child th {\n",
       "        text-align: right;\n",
       "    }\n",
       "\n",
       "    .dataframe thead th {\n",
       "        text-align: left;\n",
       "    }\n",
       "\n",
       "    .dataframe tbody tr th {\n",
       "        vertical-align: top;\n",
       "    }\n",
       "</style>\n",
       "<table border=\"1\" class=\"dataframe\">\n",
       "  <thead>\n",
       "    <tr style=\"text-align: right;\">\n",
       "      <th></th>\n",
       "      <th>Account Length</th>\n",
       "      <th>Int'l Plan</th>\n",
       "      <th>VMail Plan</th>\n",
       "      <th>VMail Message</th>\n",
       "      <th>Day Mins</th>\n",
       "      <th>Day Calls</th>\n",
       "      <th>Day Charge</th>\n",
       "      <th>Eve Mins</th>\n",
       "      <th>Eve Calls</th>\n",
       "      <th>Eve Charge</th>\n",
       "      <th>Night Mins</th>\n",
       "      <th>Night Calls</th>\n",
       "      <th>Night Charge</th>\n",
       "      <th>Intl Mins</th>\n",
       "      <th>Intl Calls</th>\n",
       "      <th>Intl Charge</th>\n",
       "      <th>CustServ Calls</th>\n",
       "    </tr>\n",
       "  </thead>\n",
       "  <tbody>\n",
       "    <tr>\n",
       "      <th>0</th>\n",
       "      <td>128</td>\n",
       "      <td>False</td>\n",
       "      <td>True</td>\n",
       "      <td>25</td>\n",
       "      <td>265.1</td>\n",
       "      <td>110</td>\n",
       "      <td>45.07</td>\n",
       "      <td>197.4</td>\n",
       "      <td>99</td>\n",
       "      <td>16.78</td>\n",
       "      <td>244.7</td>\n",
       "      <td>91</td>\n",
       "      <td>11.01</td>\n",
       "      <td>10.0</td>\n",
       "      <td>3</td>\n",
       "      <td>2.70</td>\n",
       "      <td>1</td>\n",
       "    </tr>\n",
       "    <tr>\n",
       "      <th>1</th>\n",
       "      <td>107</td>\n",
       "      <td>False</td>\n",
       "      <td>True</td>\n",
       "      <td>26</td>\n",
       "      <td>161.6</td>\n",
       "      <td>123</td>\n",
       "      <td>27.47</td>\n",
       "      <td>195.5</td>\n",
       "      <td>103</td>\n",
       "      <td>16.62</td>\n",
       "      <td>254.4</td>\n",
       "      <td>103</td>\n",
       "      <td>11.45</td>\n",
       "      <td>13.7</td>\n",
       "      <td>3</td>\n",
       "      <td>3.70</td>\n",
       "      <td>1</td>\n",
       "    </tr>\n",
       "    <tr>\n",
       "      <th>2</th>\n",
       "      <td>137</td>\n",
       "      <td>False</td>\n",
       "      <td>False</td>\n",
       "      <td>0</td>\n",
       "      <td>243.4</td>\n",
       "      <td>114</td>\n",
       "      <td>41.38</td>\n",
       "      <td>121.2</td>\n",
       "      <td>110</td>\n",
       "      <td>10.30</td>\n",
       "      <td>162.6</td>\n",
       "      <td>104</td>\n",
       "      <td>7.32</td>\n",
       "      <td>12.2</td>\n",
       "      <td>5</td>\n",
       "      <td>3.29</td>\n",
       "      <td>0</td>\n",
       "    </tr>\n",
       "    <tr>\n",
       "      <th>3</th>\n",
       "      <td>84</td>\n",
       "      <td>True</td>\n",
       "      <td>False</td>\n",
       "      <td>0</td>\n",
       "      <td>299.4</td>\n",
       "      <td>71</td>\n",
       "      <td>50.90</td>\n",
       "      <td>61.9</td>\n",
       "      <td>88</td>\n",
       "      <td>5.26</td>\n",
       "      <td>196.9</td>\n",
       "      <td>89</td>\n",
       "      <td>8.86</td>\n",
       "      <td>6.6</td>\n",
       "      <td>7</td>\n",
       "      <td>1.78</td>\n",
       "      <td>2</td>\n",
       "    </tr>\n",
       "    <tr>\n",
       "      <th>4</th>\n",
       "      <td>75</td>\n",
       "      <td>True</td>\n",
       "      <td>False</td>\n",
       "      <td>0</td>\n",
       "      <td>166.7</td>\n",
       "      <td>113</td>\n",
       "      <td>28.34</td>\n",
       "      <td>148.3</td>\n",
       "      <td>122</td>\n",
       "      <td>12.61</td>\n",
       "      <td>186.9</td>\n",
       "      <td>121</td>\n",
       "      <td>8.41</td>\n",
       "      <td>10.1</td>\n",
       "      <td>3</td>\n",
       "      <td>2.73</td>\n",
       "      <td>3</td>\n",
       "    </tr>\n",
       "  </tbody>\n",
       "</table>\n",
       "</div>"
      ],
      "text/plain": [
       "   Account Length  Int'l Plan  VMail Plan  VMail Message  Day Mins  Day Calls  \\\n",
       "0             128       False        True             25     265.1        110   \n",
       "1             107       False        True             26     161.6        123   \n",
       "2             137       False       False              0     243.4        114   \n",
       "3              84        True       False              0     299.4         71   \n",
       "4              75        True       False              0     166.7        113   \n",
       "\n",
       "   Day Charge  Eve Mins  Eve Calls  Eve Charge  Night Mins  Night Calls  \\\n",
       "0       45.07     197.4         99       16.78       244.7           91   \n",
       "1       27.47     195.5        103       16.62       254.4          103   \n",
       "2       41.38     121.2        110       10.30       162.6          104   \n",
       "3       50.90      61.9         88        5.26       196.9           89   \n",
       "4       28.34     148.3        122       12.61       186.9          121   \n",
       "\n",
       "   Night Charge  Intl Mins  Intl Calls  Intl Charge  CustServ Calls  \n",
       "0         11.01       10.0           3         2.70               1  \n",
       "1         11.45       13.7           3         3.70               1  \n",
       "2          7.32       12.2           5         3.29               0  \n",
       "3          8.86        6.6           7         1.78               2  \n",
       "4          8.41       10.1           3         2.73               3  "
      ]
     },
     "execution_count": 229,
     "metadata": {},
     "output_type": "execute_result"
    }
   ],
   "source": [
    "df_features.head()"
   ]
  },
  {
   "cell_type": "code",
   "execution_count": 230,
   "metadata": {
    "collapsed": true
   },
   "outputs": [],
   "source": [
    "\n",
    "X = df_features.as_matrix().astype(np.float)"
   ]
  },
  {
   "cell_type": "code",
   "execution_count": 231,
   "metadata": {},
   "outputs": [
    {
     "data": {
      "text/plain": [
       "array([[ 128.  ,    0.  ,    1.  , ...,    3.  ,    2.7 ,    1.  ],\n",
       "       [ 107.  ,    0.  ,    1.  , ...,    3.  ,    3.7 ,    1.  ],\n",
       "       [ 137.  ,    0.  ,    0.  , ...,    5.  ,    3.29,    0.  ],\n",
       "       ..., \n",
       "       [  28.  ,    0.  ,    0.  , ...,    6.  ,    3.81,    2.  ],\n",
       "       [ 184.  ,    1.  ,    0.  , ...,   10.  ,    1.35,    2.  ],\n",
       "       [  74.  ,    0.  ,    1.  , ...,    4.  ,    3.7 ,    0.  ]])"
      ]
     },
     "execution_count": 231,
     "metadata": {},
     "output_type": "execute_result"
    }
   ],
   "source": [
    "X"
   ]
  },
  {
   "cell_type": "markdown",
   "metadata": {},
   "source": [
    "### Transformation"
   ]
  },
  {
   "cell_type": "markdown",
   "metadata": {},
   "source": [
    "Normalize the data"
   ]
  },
  {
   "cell_type": "code",
   "execution_count": 232,
   "metadata": {
    "collapsed": true
   },
   "outputs": [],
   "source": [
    "from sklearn.preprocessing import StandardScaler\n",
    "scaler = StandardScaler()\n",
    "X = scaler.fit_transform(X)"
   ]
  },
  {
   "cell_type": "code",
   "execution_count": 233,
   "metadata": {},
   "outputs": [
    {
     "name": "stdout",
     "output_type": "stream",
     "text": [
      "Feature space holds 3333 observations and 17 features\n",
      "Unique target labels: [0 1]\n"
     ]
    }
   ],
   "source": [
    "print (\"Feature space holds %d observations and %d features\" % X.shape)\n",
    "print (\"Unique target labels:\", np.unique(y))"
   ]
  },
  {
   "cell_type": "markdown",
   "metadata": {},
   "source": [
    "## Dimension Reduction by PCA"
   ]
  },
  {
   "cell_type": "markdown",
   "metadata": {},
   "source": [
    "In machine learning and statistics, dimensionality reduction or dimension reduction is the process of reducing the number of random variables under consideration,via obtaining a set of principal variables. It can be divided into feature selection and feature extraction."
   ]
  },
  {
   "cell_type": "markdown",
   "metadata": {},
   "source": [
    "### PCA from Scratch"
   ]
  },
  {
   "cell_type": "markdown",
   "metadata": {},
   "source": [
    "The main linear technique for dimensionality reduction, principal component analysis, performs a linear mapping of the data to a lower-dimensional space in such a way that the variance of the data in the low-dimensional representation is maximized. In practice, the covariance (and sometimes the correlation) matrix of the data is constructed and the eigen vectors on this matrix are computed. The eigen vectors that correspond to the largest eigenvalues (the principal components) can now be used to reconstruct a large fraction of the variance of the original data. Moreover, the first few eigen vectors can often be interpreted in terms of the large-scale physical behavior of the system. The original space (with dimension of the number of points) has been reduced (with data loss, but hopefully retaining the most important variance) to the space spanned by a few eigenvectors."
   ]
  },
  {
   "cell_type": "code",
   "execution_count": 234,
   "metadata": {
    "collapsed": true
   },
   "outputs": [],
   "source": [
    "# Standardize feature space to have mean 0 and variance 1\n",
    "X_std = (X-np.mean(X,axis = 0))/np.std(X,axis = 0)\n"
   ]
  },
  {
   "cell_type": "code",
   "execution_count": 235,
   "metadata": {},
   "outputs": [
    {
     "name": "stdout",
     "output_type": "stream",
     "text": [
      "Covariance matrix of X: \n",
      "[[  1.00e+00   2.47e-02   2.92e-03  -4.63e-03   6.22e-03   3.85e-02\n",
      "    6.22e-03  -6.76e-03   1.93e-02  -6.75e-03  -8.96e-03  -1.32e-02\n",
      "   -8.96e-03   9.52e-03   2.07e-02   9.55e-03  -3.80e-03]\n",
      " [  2.47e-02   1.00e+00   6.01e-03   8.75e-03   4.94e-02   3.76e-03\n",
      "    4.94e-02   1.91e-02   6.12e-03   1.91e-02  -2.89e-02   1.25e-02\n",
      "   -2.89e-02   4.59e-02   1.74e-02   4.58e-02  -2.45e-02]\n",
      " [  2.92e-03   6.01e-03   1.00e+00   9.57e-01  -1.68e-03  -1.11e-02\n",
      "   -1.69e-03   2.16e-02  -6.45e-03   2.16e-02   6.08e-03   1.56e-02\n",
      "    6.07e-03  -1.32e-03   7.62e-03  -1.28e-03  -1.78e-02]\n",
      " [ -4.63e-03   8.75e-03   9.57e-01   1.00e+00   7.79e-04  -9.55e-03\n",
      "    7.76e-04   1.76e-02  -5.87e-03   1.76e-02   7.68e-03   7.13e-03\n",
      "    7.67e-03   2.86e-03   1.40e-02   2.88e-03  -1.33e-02]\n",
      " [  6.22e-03   4.94e-02  -1.68e-03   7.79e-04   1.00e+00   6.75e-03\n",
      "    1.00e+00   7.04e-03   1.58e-02   7.03e-03   4.32e-03   2.30e-02\n",
      "    4.30e-03  -1.02e-02   8.04e-03  -1.01e-02  -1.34e-02]\n",
      " [  3.85e-02   3.76e-03  -1.11e-02  -9.55e-03   6.75e-03   1.00e+00\n",
      "    6.75e-03  -2.15e-02   6.46e-03  -2.15e-02   2.29e-02  -1.96e-02\n",
      "    2.29e-02   2.16e-02   4.58e-03   2.17e-02  -1.89e-02]\n",
      " [  6.22e-03   4.94e-02  -1.69e-03   7.76e-04   1.00e+00   6.75e-03\n",
      "    1.00e+00   7.05e-03   1.58e-02   7.04e-03   4.33e-03   2.30e-02\n",
      "    4.30e-03  -1.02e-02   8.03e-03  -1.01e-02  -1.34e-02]\n",
      " [ -6.76e-03   1.91e-02   2.16e-02   1.76e-02   7.04e-03  -2.15e-02\n",
      "    7.05e-03   1.00e+00  -1.14e-02   1.00e+00  -1.26e-02   7.59e-03\n",
      "   -1.26e-02  -1.10e-02   2.54e-03  -1.11e-02  -1.30e-02]\n",
      " [  1.93e-02   6.12e-03  -6.45e-03  -5.87e-03   1.58e-02   6.46e-03\n",
      "    1.58e-02  -1.14e-02   1.00e+00  -1.14e-02  -2.09e-03   7.71e-03\n",
      "   -2.06e-03   8.71e-03   1.74e-02   8.68e-03   2.42e-03]\n",
      " [ -6.75e-03   1.91e-02   2.16e-02   1.76e-02   7.03e-03  -2.15e-02\n",
      "    7.04e-03   1.00e+00  -1.14e-02   1.00e+00  -1.26e-02   7.60e-03\n",
      "   -1.26e-02  -1.10e-02   2.54e-03  -1.11e-02  -1.30e-02]\n",
      " [ -8.96e-03  -2.89e-02   6.08e-03   7.68e-03   4.32e-03   2.29e-02\n",
      "    4.33e-03  -1.26e-02  -2.09e-03  -1.26e-02   1.00e+00   1.12e-02\n",
      "    1.00e+00  -1.52e-02  -1.24e-02  -1.52e-02  -9.29e-03]\n",
      " [ -1.32e-02   1.25e-02   1.56e-02   7.13e-03   2.30e-02  -1.96e-02\n",
      "    2.30e-02   7.59e-03   7.71e-03   7.60e-03   1.12e-02   1.00e+00\n",
      "    1.12e-02  -1.36e-02   3.05e-04  -1.36e-02  -1.28e-02]\n",
      " [ -8.96e-03  -2.89e-02   6.07e-03   7.67e-03   4.30e-03   2.29e-02\n",
      "    4.30e-03  -1.26e-02  -2.06e-03  -1.26e-02   1.00e+00   1.12e-02\n",
      "    1.00e+00  -1.52e-02  -1.23e-02  -1.52e-02  -9.28e-03]\n",
      " [  9.52e-03   4.59e-02  -1.32e-03   2.86e-03  -1.02e-02   2.16e-02\n",
      "   -1.02e-02  -1.10e-02   8.71e-03  -1.10e-02  -1.52e-02  -1.36e-02\n",
      "   -1.52e-02   1.00e+00   3.23e-02   1.00e+00  -9.64e-03]\n",
      " [  2.07e-02   1.74e-02   7.62e-03   1.40e-02   8.04e-03   4.58e-03\n",
      "    8.03e-03   2.54e-03   1.74e-02   2.54e-03  -1.24e-02   3.05e-04\n",
      "   -1.23e-02   3.23e-02   1.00e+00   3.24e-02  -1.76e-02]\n",
      " [  9.55e-03   4.58e-02  -1.28e-03   2.88e-03  -1.01e-02   2.17e-02\n",
      "   -1.01e-02  -1.11e-02   8.68e-03  -1.11e-02  -1.52e-02  -1.36e-02\n",
      "   -1.52e-02   1.00e+00   3.24e-02   1.00e+00  -9.68e-03]\n",
      " [ -3.80e-03  -2.45e-02  -1.78e-02  -1.33e-02  -1.34e-02  -1.89e-02\n",
      "   -1.34e-02  -1.30e-02   2.42e-03  -1.30e-02  -9.29e-03  -1.28e-02\n",
      "   -9.28e-03  -9.64e-03  -1.76e-02  -9.68e-03   1.00e+00]]\n"
     ]
    }
   ],
   "source": [
    "# Step 1: Find covariance matrix of X\n",
    "\n",
    "# Obtain covariance matrix for X (note columns are the features)\n",
    "cov_matrix = np.cov(X_std, rowvar=False)\n",
    "# Note that covariance matrix is 8x8 since their are 8 features\n",
    "print('Covariance matrix of X: \\n%s' %cov_matrix)"
   ]
  },
  {
   "cell_type": "code",
   "execution_count": 236,
   "metadata": {},
   "outputs": [
    {
     "name": "stdout",
     "output_type": "stream",
     "text": [
      "Eigenvectors of Cov(X): \n",
      "[[ -5.97e-03   1.50e-02   7.01e-03   4.47e-03  -1.93e-02   5.90e-03\n",
      "    5.81e-01  -2.25e-01  -5.96e-01   1.26e-01   2.83e-01  -2.37e-01\n",
      "    3.23e-01  -1.94e-05   3.59e-06  -8.46e-06   1.48e-06]\n",
      " [  4.47e-03   7.94e-03   6.78e-02   3.84e-02  -7.40e-02  -2.12e-03\n",
      "    3.25e-01   3.47e-01   3.92e-01  -1.64e-01  -3.89e-01  -2.20e-01\n",
      "    6.18e-01   6.72e-05   4.68e-06  -4.42e-06  -1.54e-06]\n",
      " [ -4.87e-01  -1.71e-01   1.63e-01   4.03e-01   2.09e-01  -7.07e-01\n",
      "   -3.32e-03  -2.11e-02   7.82e-04   6.77e-03   1.09e-04  -1.26e-02\n",
      "   -4.10e-03  -1.33e-04  -2.10e-05   1.57e-05  -8.84e-06]\n",
      " [ -4.87e-01  -1.68e-01   1.61e-01   4.06e-01   2.06e-01   7.07e-01\n",
      "   -4.82e-03  -2.50e-02   1.04e-02   8.72e-03  -4.86e-03  -3.42e-03\n",
      "   -2.11e-03   1.07e-04   3.24e-05  -2.62e-05   1.06e-05]\n",
      " [ -5.25e-02  -3.18e-01   5.00e-02   9.77e-02  -6.16e-01  -9.38e-04\n",
      "   -3.61e-02  -3.89e-02  -1.71e-02   1.09e-03   1.08e-02   1.82e-02\n",
      "   -1.57e-02   3.14e-04   4.34e-03  -2.72e-04  -7.07e-01]\n",
      " [  1.52e-02   2.27e-02  -3.36e-02   2.83e-02  -2.36e-02  -1.11e-03\n",
      "    4.69e-01  -3.73e-01   5.49e-01  -2.67e-01   2.53e-01  -2.36e-01\n",
      "   -3.82e-01  -6.96e-05   7.79e-06  -1.75e-06  -1.92e-06]\n",
      " [ -5.25e-02  -3.18e-01   5.00e-02   9.77e-02  -6.16e-01  -9.56e-04\n",
      "   -3.60e-02  -3.89e-02  -1.71e-02   1.09e-03   1.08e-02   1.82e-02\n",
      "   -1.57e-02  -3.62e-04  -4.33e-03   2.82e-04   7.07e-01]\n",
      " [  3.82e-01  -3.30e-01   4.56e-01   4.28e-02   1.83e-01   1.39e-03\n",
      "    6.64e-03  -2.49e-02   4.01e-03   1.26e-02   8.03e-03  -5.13e-03\n",
      "   -1.48e-02   4.48e-04  -3.88e-03  -7.07e-01   2.51e-04]\n",
      " [ -2.44e-03   8.65e-03  -4.60e-03   4.29e-03  -3.10e-02  -3.96e-04\n",
      "    2.77e-01   1.21e-01   3.58e-02   7.21e-01  -4.37e-01  -1.98e-01\n",
      "   -3.94e-01   2.25e-05  -2.60e-05  -4.95e-06  -4.54e-07]\n",
      " [  3.82e-01  -3.30e-01   4.56e-01   4.28e-02   1.83e-01   1.43e-03\n",
      "    6.66e-03  -2.49e-02   4.00e-03   1.26e-02   8.03e-03  -5.14e-03\n",
      "   -1.48e-02  -4.27e-04   3.89e-03   7.07e-01  -2.55e-04]\n",
      " [  2.74e-01  -2.28e-01  -4.73e-01   3.67e-01   1.12e-01  -6.24e-04\n",
      "    6.51e-03   8.58e-03  -1.60e-03   1.15e-02  -1.43e-02   8.90e-03\n",
      "    3.35e-02   3.26e-03  -7.07e-01   3.89e-03  -4.33e-03]\n",
      " [ -7.62e-03  -3.97e-02  -1.23e-03   1.13e-02  -1.45e-02   6.27e-03\n",
      "   -9.41e-02   6.73e-01   4.62e-02   8.57e-02   5.76e-01  -4.23e-01\n",
      "   -1.24e-01   1.78e-05   1.14e-05  -7.56e-06   2.65e-07]\n",
      " [  2.74e-01  -2.28e-01  -4.73e-01   3.67e-01   1.12e-01  -6.77e-04\n",
      "    6.52e-03   8.58e-03  -1.60e-03   1.15e-02  -1.43e-02   8.92e-03\n",
      "    3.35e-02  -3.28e-03   7.07e-01  -3.88e-03   4.33e-03]\n",
      " [  1.96e-01   4.55e-01   1.89e-01   4.33e-01  -1.63e-01  -1.25e-03\n",
      "   -5.36e-02  -1.06e-02  -2.54e-02   5.33e-03   1.37e-02  -1.23e-02\n",
      "   -1.85e-02  -7.07e-01  -3.26e-03  -4.17e-04  -3.57e-04]\n",
      " [ -3.81e-03   2.38e-02   3.07e-02   3.18e-02  -2.04e-02  -4.74e-03\n",
      "    3.77e-01   2.46e-01   1.96e-01   2.37e-01   3.06e-01   7.76e-01\n",
      "    6.29e-02  -4.90e-05  -1.78e-05   3.74e-07   1.06e-06]\n",
      " [  1.96e-01   4.55e-01   1.89e-01   4.33e-01  -1.63e-01  -1.49e-03\n",
      "   -5.35e-02  -1.07e-02  -2.54e-02   5.29e-03   1.38e-02  -1.22e-02\n",
      "   -1.85e-02   7.07e-01   3.27e-03   4.23e-04   3.58e-04]\n",
      " [ -2.68e-03   1.65e-02  -1.42e-02  -3.45e-02   9.21e-03  -3.46e-03\n",
      "   -3.19e-01  -3.94e-01   3.82e-01   5.49e-01   2.94e-01  -1.34e-01\n",
      "    4.35e-01   2.29e-05  -6.86e-06   2.01e-06   2.53e-06]]\n",
      "\n",
      "Eigenvalues of Cov(X): \n",
      "[  1.92e+00   2.05e+00   2.04e+00   1.98e+00   2.00e+00   4.30e-02\n",
      "   1.07e+00   1.03e+00   9.45e-01   1.01e+00   9.64e-01   9.85e-01\n",
      "   9.80e-01   7.24e-06   7.83e-07   2.24e-07   4.77e-08]\n"
     ]
    }
   ],
   "source": [
    "# Step 2: Obtain eigenvectors and eigenvalues\n",
    "\n",
    "# Obtain eigenvalues and eigenvectors \n",
    "eigenvalues, eigenvectors, = np.linalg.eig(cov_matrix)\n",
    "\n",
    "# eigenvectors is a 6x6 matrix\n",
    "print('Eigenvectors of Cov(X): \\n%s' %eigenvectors)\n",
    "\n",
    "# eigenvalues is a 6x1 vector\n",
    "print('\\nEigenvalues of Cov(X): \\n%s' %eigenvalues)"
   ]
  },
  {
   "cell_type": "code",
   "execution_count": 237,
   "metadata": {},
   "outputs": [
    {
     "name": "stdout",
     "output_type": "stream",
     "text": [
      "Eigenvalues in descending order: \n",
      "[2.0503619781546227, 2.037929963449685, 1.9979766718000467, 1.9779944898559132, 1.9187538181855091, 1.0691435976378134, 1.0276895750473627, 1.0079315611845607, 0.9849226796561128, 0.97964434908575748, 0.96441756671493495, 0.94536879171370003, 0.042958701151754319, 7.2424033372177536e-06, 7.8349267165430604e-07, 2.2354254794100355e-07, 4.7740008952833932e-08]\n"
     ]
    }
   ],
   "source": [
    "# Step 3  Sort eigenvalues in descending order\n",
    "\n",
    "# Make a set of (eigenvalue, eigenvector) pairs\n",
    "eig_pairs = [(eigenvalues[index], eigenvectors[:,index]) for index in range(len(eigenvalues))]\n",
    "\n",
    "# Sort the (eigenvalue, eigenvector) pairs from highest to lowest with respect to eigenvalue\n",
    "eig_pairs.sort()\n",
    "eig_pairs.reverse()\n",
    "\n",
    "# Extract the descending ordered eigenvalues and eigenvectors\n",
    "eigvalues_sort = [eig_pairs[index][0] for index in range(len(eigenvalues))]\n",
    "eigvectors_sort = [eig_pairs[index][1] for index in range(len(eigenvalues))]\n",
    "\n",
    "# Let's confirm our sorting worked, print out eigenvalues\n",
    "print('Eigenvalues in descending order: \\n%s' %eigvalues_sort)"
   ]
  },
  {
   "cell_type": "code",
   "execution_count": 238,
   "metadata": {},
   "outputs": [
    {
     "name": "stdout",
     "output_type": "stream",
     "text": [
      "Cumulative proportion of variance explained vector: \n",
      "[ 0.12  0.24  0.36  0.47  0.59  0.65  0.71  0.77  0.83  0.89  0.94  1.    1.\n",
      "  1.    1.    1.    1.  ]\n"
     ]
    },
    {
     "data": {
